0.0000000000 
0.0129441738 
0.0198648278 
0.0251202368 
0.0295084972 
0.0333471508 
0.0367990441 
0.0399603342 
0.0428932188 
0.0456405919 
0.0482334782 
0.0506951585 
0.0530436226 
0.0552931077 
0.0574551073 
0.0595390565 
0.0615528128 
0.0635030014 
0.0653952692 
0.0672344756 
0.0690248375 
0.0707700426 
0.0724733374 
0.0741375979 
0.0757653858 
0.0773589950 
0.0789204887 
0.0804517308 
0.0819544119 
0.0834300709 
0.0848801135 
0.0863058277 
0.0877083970 
0.0890889123 
0.0904483813 
0.0917877372 
0.0931078466 
0.0944095153 
0.0956934946 
0.0969604861 
0.0982111464 
0.0994460906 
0.1006658965 
0.1018711070 
0.1030622337 
0.1042397587 
0.1054041373 
0.1065558001 
0.1076951546 
0.1088225869 
0.1099384636 
0.1110431326 
0.1121369248 
0.1132201553 
0.1142931241 
0.1153561173 
0.1164094080 
0.1174532570 
0.1184879136 
0.1195136165 
0.1205305940 
0.1215390651 
0.1225392397 
0.1235313190 
0.1245154966 
0.1254919582 
0.1264608824 
0.1274224412 
0.1283767998 
0.1293241177 
0.1302645484 
0.1311982399 
0.1321253349 
0.1330459714 
0.1339602825 
0.1348683966 
0.1357704382 
0.1366665274 
0.1375567805 
0.1384413101 
0.1393202250 
0.1401936309 
0.1410616301 
0.1419243217 
0.1427818019 
0.1436341640 
0.1444814985 
0.1453238935 
0.1461614341 
0.1469942035 
0.1478222822 
0.1486457485 
0.1494646788 
0.1502791471 
0.1510892256 
0.1518949844 
0.1526964920 
0.1534938149 
0.1542870180 
0.1550761645 
0.1558613160 
0.1566425325 
0.1574198727 
0.1581933936 
0.1589631510 
0.1597291993 
0.1604915916 
0.1612503797 
0.1620056143 
0.1627573448 
0.1635056196 
0.1642504858 
0.1649919897 
0.1657301763 
0.1664650897 
0.1671967732 
0.1679252689 
0.1686506182 
0.1693728614 
0.1700920381 
0.1708081871 
0.1715213462 
0.1722315527 
0.1729388427 
0.1736432521 
0.1743448157 
0.1750435677 
0.1757395417 
0.1764327705 
0.1771232863 
0.1778111208 
0.1784963049 
0.1791788691 
0.1798588431 
0.1805362563 
0.1812111373 
0.1818835144 
0.1825534151 
0.1832208667 
0.1838858958 
0.1845485287 
0.1852087909 
0.1858667078 
0.1865223043 
0.1871756046 
0.1878266327 
0.1884754122 
0.1891219662 
0.1897663175 
0.1904084884 
0.1910485009 
0.1916863766 
0.1923221368 
0.1929558024 
0.1935873940 
0.1942169317 
0.1948444356 
0.1954699251 
0.1960934195 
0.1967149379 
0.1973344989 
0.1979521208 
0.1985678218 
0.1991816197 
0.1997935320 
0.2004035759 
0.2010117686 
0.2016181267 
0.2022226667 
0.2028254050 
0.2034263574 
0.2040255398 
0.2046229678 
0.2052186567 
0.2058126215 
0.2064048771 
0.2069954383 
0.2075843194 
0.2081715347 
0.2087570984 
0.2093410242 
0.2099233258 
0.2105040167 
0.2110831101 
0.2116606193 
0.2122365571 
0.2128109362 
0.2133837694 
0.2139550689 
0.2145248470 
0.2150931159 
0.2156598874 
0.2162251734 
0.2167889854 
0.2173513349 
0.2179122333 
0.2184716917 
0.2190297211 
0.2195863325 
0.2201415365 
0.2206953439 
0.2212477651 
0.2217988105 
0.2223484902 
0.2228968145 
0.2234437932 
0.2239894362 
0.2245337533 
0.2250767541 
0.2256184481 
0.2261588447 
0.2266979531 
0.2272357826 
0.2277723421 
0.2283076407 
0.2288416871 
0.2293744902 
0.2299060586 
0.2304364007 
0.2309655252 
0.2314934402 
0.2320201542 
0.2325456751 
0.2330700112 
0.2335931703 
0.2341151604 
0.2346359893 
0.2351556647 
0.2356741941 
0.2361915853 
0.2367078455 
0.2372229823 
0.2377370029 
0.2382499145 
0.2387617243 
0.2392724394 
0.2397820667 
0.2402906132 
0.2407980857 
0.2413044909 
0.2418098357 
0.2423141266 
0.2428173702 
0.2433195730 
0.2438207415 
0.2443208819 
0.2448200006 
0.2453181038 
0.2458151978 
0.2463112885 
0.2468063821 
0.2473004846 
0.2477936018 
0.2482857397 
0.2487769040 
0.2492671006 
0.2497563351 
0.2502446131 
0.2507319402 
0.2512183221 
0.2517037641 
0.2521882716 
0.2526718502 
0.2531545050 
0.2536362413 
0.2541170645 
0.2545969796 
0.2550759917 
0.2555541061 
0.2560313276 
0.2565076612 
0.2569831120 
0.2574576848 
0.2579313844 
0.2584042157 
0.2588761833 
0.2593472921 
0.2598175467 
0.2602869516 
0.2607555116 
0.2612232311 
0.2616901147 
0.2621561668 
0.2626213919 
0.2630857943 
0.2635493784 
0.2640121485 
0.2644741088 
0.2649352637 
0.2653956173 
0.2658551737 
0.2663139371 
0.2667719116 
0.2672291013 
0.2676855101 
0.2681411421 
0.2685960011 
0.2690500912 
0.2695034162 
0.2699559800 
0.2704077863 
0.2708588391 
0.2713091419 
0.2717586986 
0.2722075129 
0.2726555884 
0.2731029288 
0.2735495376 
0.2739954185 
0.2744405749 
0.2748850105 
0.2753287287 
0.2757717329 
0.2762140267 
0.2766556133 
0.2770964962 
0.2775366788 
0.2779761644 
0.2784149562 
0.2788530575 
0.2792904717 
0.2797272019 
0.2801632513 
0.2805986230 
0.2810333204 
0.2814673463 
0.2819007041 
0.2823333967 
0.2827654272 
0.2831967986 
0.2836275139 
0.2840575762 
0.2844869883 
0.2849157532 
0.2853438739 
0.2857713532 
0.2861981941 
0.2866243992 
0.2870499716 
0.2874749140 
0.2878992291 
0.2883229198 
0.2887459888 
0.2891684389 
0.2895902727 
0.2900114929 
0.2904321022 
0.2908521033 
0.2912714987 
0.2916902912 
0.2921084832 
0.2925260775 
0.2929430764 
0.2933594826 
0.2937752985 
0.2941905268 
0.2946051698 
0.2950192301 
0.2954327100 
0.2958456120 
0.2962579386 
0.2966696922 
0.2970808750 
0.2974914895 
0.2979015381 
0.2983110230 
0.2987199466 
0.2991283112 
0.2995361190 
0.2999433725 
0.3003500737 
0.3007562249 
0.3011618284 
0.3015668864 
0.3019714010 
0.3023753745 
0.3027788091 
0.3031817068 
0.3035840697 
0.3039859002 
0.3043872001 
0.3047879717 
0.3051882170 
0.3055879381 
0.3059871370 
0.3063858158 
0.3067839765 
0.3071816211 
0.3075787517 
0.3079753701 
0.3083714784 
0.3087670786 
0.3091621726 
0.3095567623 
0.3099508497 
0.3103444367 
0.3107375251 
0.3111301169 
0.3115222140 
0.3119138181 
0.3123049313 
0.3126955552 
0.3130856918 
0.3134753428 
0.3138645101 
0.3142531955 
0.3146414007 
0.3150291275 
0.3154163778 
0.3158031531 
0.3161894554 
0.3165752863 
0.3169606475 
0.3173455407 
0.3177299678 
0.3181139302 
0.3184974298 
0.3188804681 
0.3192630470 
0.3196451679 
0.3200268325 
0.3204080426 
0.3207887996 
0.3211691052 
0.3215489610 
0.3219283686 
0.3223073296 
0.3226858456 
0.3230639181 
0.3234415486 
0.3238187388 
0.3241954901 
0.3245718041 
0.3249476823 
0.3253231262 
0.3256981373 
0.3260727172 
0.3264468672 
0.3268205889 
0.3271938838 
0.3275667532 
0.3279391987 
0.3283112217 
0.3286828236 
0.3290540058 
0.3294247698 
0.3297951171 
0.3301650488 
0.3305345666 
0.3309036717 
0.3312723656 
0.3316406496 
0.3320085251 
0.3323759934 
0.3327430559 
0.3331097139 
0.3334759688 
0.3338418218 
0.3342072744 
0.3345723278 
0.3349369833 
0.3353012423 
0.3356651059 
0.3360285756 
0.3363916525 
0.3367543380 
0.3371166332 
0.3374785396 
0.3378400583 
0.3382011905 
0.3385619375 
0.3389223005 
0.3392822808 
0.3396418796 
0.3400010980 
0.3403599373 
0.3407183987 
0.3410764834 
0.3414341925 
0.3417915273 
0.3421484888 
0.3425050784 
0.3428612970 
0.3432171460 
0.3435726264 
0.3439277393 
0.3442824860 
0.3446368676 
0.3449908851 
0.3453445397 
0.3456978325 
0.3460507647 
0.3464033372 
0.3467555513 
0.3471074080 
0.3474589083 
0.3478100535 
0.3481608444 
0.3485112823 
0.3488613682 
0.3492111031 
0.3495604882 
0.3499095243 
0.3502582127 
0.3506065542 
0.3509545500 
0.3513022011 
0.3516495085 
0.3519964732 
0.3523430963 
0.3526893787 
0.3530353214 
0.3533809255 
0.3537261919 
0.3540711216 
0.3544157157 
0.3547599750 
0.3551039005 
0.3554474933 
0.3557907543 
0.3561336845 
0.3564762847 
0.3568185560 
0.3571604993 
0.3575021155 
0.3578434056 
0.3581843705 
0.3585250112 
0.3588653285 
0.3592053234 
0.3595449968 
0.3598843496 
0.3602233827 
0.3605620970 
0.3609004934 
0.3612385728 
0.3615763361 
0.3619137842 
0.3622509180 
0.3625877382 
0.3629242459 
0.3632604419 
0.3635963270 
0.3639319021 
0.3642671681 
0.3646021258 
0.3649367760 
0.3652711197 
0.3656051576 
0.3659388905 
0.3662723194 
0.3666054451 
0.3669382683 
0.3672707899 
0.3676030107 
0.3679349316 
0.3682665532 
0.3685978766 
0.3689289024 
0.3692596314 
0.3695900645 
0.3699202024 
0.3702500459 
0.3705795959 
0.3709088531 
0.3712378182 
0.3715664921 
0.3718948755 
0.3722229693 
0.3725507740 
0.3728782906 
0.3732055198 
0.3735324623 
0.3738591189 
0.3741854904 
0.3745115774 
0.3748373807 
0.3751629011 
0.3754881393 
0.3758130961 
0.3761377721 
0.3764621680 
0.3767862847 
0.3771101229 
0.3774336831 
0.3777569663 
0.3780799730 
0.3784027040 
0.3787251600 
0.3790473416 
0.3793692497 
0.3796908848 
0.3800122477 
0.3803333391 
0.3806541596 
0.3809747100 
0.3812949909 
0.3816150029 
0.3819347469 
0.3822542234 
0.3825734331 
0.3828923767 
0.3832110548 
0.3835294682 
0.3838476174 
0.3841655031 
0.3844831260 
0.3848004868 
0.3851175860 
0.3854344243 
0.3857510024 
0.3860673209 
0.3863833805 
0.3866991817 
0.3870147252 
0.3873300117 
0.3876450418 
0.3879598160 
0.3882743350 
0.3885885995 
0.3889026100 
0.3892163672 
0.3895298717 
0.3898431241 
0.3901561249 
0.3904688749 
0.3907813745 
0.3910936245 
0.3914056253 
0.3917173777 
0.3920288821 
0.3923401392 
0.3926511496 
0.3929619138 
0.3932724325 
0.3935827061 
0.3938927354 
0.3942025209 
0.3945120630 
0.3948213626 
0.3951304199 
0.3954392358 
0.3957478107 
0.3960561451 
0.3963642397 
0.3966720950 
0.3969797116 
0.3972870900 
0.3975942307 
0.3979011344 
0.3982078015 
0.3985142327 
0.3988204284 
0.3991263892 
0.3994321156 
0.3997376082 
0.4000428675 
0.4003478941 
0.4006526885 
0.4009572511 
0.4012615826 
0.4015656834 
0.4018695542 
0.4021731953 
0.4024766074 
0.4027797909 
0.4030827463 
0.4033854742 
0.4036879751 
0.4039902496 
0.4042922980 
0.4045941209 
0.4048957188 
0.4051970922 
0.4054982417 
0.4057991677 
0.4060998706 
0.4064003511 
0.4067006096 
0.4070006466 
0.4073004625 
0.4076000579 
0.4078994333 
0.4081985891 
0.4084975258 
0.4087962440 
0.4090947440 
0.4093930263 
0.4096910915 
0.4099889400 
0.4102865723 
0.4105839888 
0.4108811900 
0.4111781765 
0.4114749485 
0.4117715067 
0.4120678514 
0.4123639832 
0.4126599025 
0.4129556097 
0.4132511053 
0.4135463898 
0.4138414636 
0.4141363272 
0.4144309809 
0.4147254253 
0.4150196609 
0.4153136879 
0.4156075070 
0.4159011184 
0.4161945228 
0.4164877204 
0.4167807118 
0.4170734974 
0.4173660775 
0.4176584528 
0.4179506234 
0.4182425900 
0.4185343529 
0.4188259126 
0.4191172694 
0.4194084239 
0.4196993763 
0.4199901272 
0.4202806770 
0.4205710260 
0.4208611748 
0.4211511236 
0.4214408729 
0.4217304232 
0.4220197748 
0.4223089282 
0.4225978837 
0.4228866418 
0.4231752028 
0.4234635672 
0.4237517354 
0.4240397077 
0.4243274846 
0.4246150665 
0.4249024537 
0.4251896467 
0.4254766458 
0.4257634515 
0.4260500641 
0.4263364840 
0.4266227117 
0.4269087474 
0.4271945916 
0.4274802447 
0.4277657070 
0.4280509789 
0.4283360609 
0.4286209532 
0.4289056563 
0.4291901706 
0.4294744963 
0.4297586340 
0.4300425839 
0.4303263465 
0.4306099221 
0.4308933110 
0.4311765137 
0.4314595305 
0.4317423618 
0.4320250079 
0.4323074692 
0.4325897461 
0.4328718389 
0.4331537480 
0.4334354738 
0.4337170165 
0.4339983766 
0.4342795545 
0.4345605503 
0.4348413647 
0.4351219977 
0.4354024499 
0.4356827216 
0.4359628131 
0.4362427248 
0.4365224569 
0.4368020100 
0.4370813842 
0.4373605800 
0.4376395976 
0.4379184375 
0.4381971000 
0.4384755853 
0.4387538939 
0.4390320261 
0.4393099822 
0.4395877625 
0.4398653674 
0.4401427972 
0.4404200523 
0.4406971329 
0.4409740394 
0.4412507722 
0.4415273315 
0.4418037177 
0.4420799311 
0.4423559720 
0.4426318408 
0.4429075378 
0.4431830632 
0.4434584175 
0.4437336008 
0.4440086137 
0.4442834563 
0.4445581290 
0.4448326321 
0.4451069659 
0.4453811307 
0.4456551268 
0.4459289546 
0.4462026144 
0.4464761064 
0.4467494310 
0.4470225885 
0.4472955792 
0.4475684033 
0.4478410613 
0.4481135533 
0.4483858798 
0.4486580410 
0.4489300371 
0.4492018686 
0.4494735357 
0.4497450386 
0.4500163778 
0.4502875535 
0.4505585659 
0.4508294154 
0.4511001024 
0.4513706269 
0.4516409895 
0.4519111903 
0.4521812296 
0.4524511078 
0.4527208251 
0.4529903817 
0.4532597781 
0.4535290145 
0.4537980911 
0.4540670083 
0.4543357663 
0.4546043654 
0.4548728059 
0.4551410881 
0.4554092123 
0.4556771786 
0.4559449875 
0.4562126392 
0.4564801340 
0.4567474720 
0.4570146538 
0.4572816793 
0.4575485491 
0.4578152633 
0.4580818222 
0.4583482261 
0.4586144752 
0.4588805699 
0.4591465103 
0.4594122968 
0.4596779296 
0.4599434090 
0.4602087353 
0.4604739086 
0.4607389294 
0.4610037978 
0.4612685141 
0.4615330786 
0.4617974915 
0.4620617531 
0.4623258637 
0.4625898234 
0.4628536327 
0.4631172916 
0.4633808005 
0.4636441597 
0.4639073694 
0.4641704298 
0.4644333412 
0.4646961039 
0.4649587180 
0.4652211840 
0.4654835019 
0.4657456721 
0.4660076948 
0.4662695702 
0.4665312987 
0.4667928804 
0.4670543156 
0.4673156045 
0.4675767475 
0.4678377446 
0.4680985963 
0.4683593026 
0.4686198640 
0.4688802805 
0.4691405525 
0.4694006801 
0.4696606637 
0.4699205034 
0.4701801996 
0.4704397524 
0.4706991620 
0.4709584288 
0.4712175530 
0.4714765347 
0.4717353742 
0.4719940718 
0.4722526277 
0.4725110421 
0.4727693152 
0.4730274474 
0.4732854387 
0.4735432895 
0.4738009999 
0.4740585703 
0.4743160008 
0.4745732917 
0.4748304431 
0.4750874553 
0.4753443286 
0.4756010632 
0.4758576592 
0.4761141170 
0.4763704366 
0.4766266185 
0.4768826627 
0.4771385695 
0.4773943392 
0.4776499718 
0.4779054678 
0.4781608272 
0.4784160503 
0.4786711374 
0.4789260885 
0.4791809041 
0.4794355842 
0.4796901290 
0.4799445389 
0.4801988140 
0.4804529545 
0.4807069607 
0.4809608327 
0.4812145708 
0.4814681752 
0.4817216460 
0.4819749836 
0.4822281880 
0.4824812596 
0.4827341985 
0.4829870049 
0.4832396791 
0.4834922213 
0.4837446316 
0.4839969102 
0.4842490575 
0.4845010735 
0.4847529585 
0.4850047126 
0.4852563362 
0.4855078293 
0.4857591923 
0.4860104252 
0.4862615284 
0.4865125019 
0.4867633461 
0.4870140610 
0.4872646469 
0.4875151041 
0.4877654326 
0.4880156327 
0.4882657047 
0.4885156486 
0.4887654647 
0.4890151531 
0.4892647142 
0.4895141480 
0.4897634548 
0.4900126347 
0.4902616880 
0.4905106148 
0.4907594154 
0.4910080899 
0.4912566385 
0.4915050615 
0.4917533589 
0.4920015310 
0.4922495780 
0.4924975001 
0.4927452975 
0.4929929703 
0.4932405187 
0.4934879429 
0.4937352432 
0.4939824197 
0.4942294725 
0.4944764019 
0.4947232080 
0.4949698911 
0.4952164513 
0.4954628888 
0.4957092038 
0.4959553965 
0.4962014670 
0.4964474156 
0.4966932423 
0.4969389475 
0.4971845312 
0.4974299937 
0.4976753351 
0.4979205556 
0.4981656555 
0.4984106347 
0.4986554937 
0.4989002324 
0.4991448512 
0.4993893501 
0.4996413553 
