32.0000000000 
13.2548339959 
10.1707918463 
8.5743741578 
7.5541752800 
6.8294964891 
6.2803701850 
5.8456260378 
5.4903320081 
5.1928851254 
4.9391081660 
4.7192583930 
4.5263891304 
4.3553955619 
4.2024307019 
4.0645329214 
3.9393800198 
3.8251219681 
3.7202642055 
3.6235843667 
3.5340716786 
3.4508820758 
3.3733044317 
3.3007347921 
3.2326564619 
3.1686244350 
3.1082530916 
3.0512063815 
2.9971899202 
2.9459445733 
2.8972412089 
2.8508763732 
2.8066687055 
2.7644559458 
2.7240924241 
2.6854469408 
2.6484009695 
2.6128471255 
2.5786878537 
2.5458343020 
2.5142053471 
2.4837267512 
2.4543304286 
2.4259538051 
2.3985392572 
2.3720336200 
2.3463877528 
2.3215561560 
2.2974966312 
2.2741699797 
2.2515397337 
2.2295719163 
2.2082348273 
2.1874988502 
2.1673362799 
2.1477211665 
2.1286291751 
2.1100374590 
2.0919245442 
2.0742702255 
2.0570554717 
2.0402623394 
2.0238738938 
2.0078741378 
1.9922479456 
1.9769810028 
1.9620597516 
1.9474713396 
1.9332035738 
1.9192448775 
1.9055842507 
1.8922112340 
1.8791158745 
1.8662886952 
1.8537206657 
1.8414031756 
1.8293280099 
1.8174873259 
1.8058736316 
1.7944797659 
1.7832988800 
1.7723244204 
1.7615501122 
1.7509699446 
1.7405781562 
1.7303692225 
1.7203378430 
1.7104789299 
1.7007875971 
1.6912591504 
1.6818890773 
1.6726730386 
1.6636068598 
1.6546865229 
1.6459081592 
1.6372680424 
1.6287625812 
1.6203883141 
1.6121419025 
1.6040201259 
1.5960198759 
1.5881381517 
1.5803720554 
1.5727187870 
1.5651756408 
1.5577400009 
1.5504093377 
1.5431812040 
1.5360532319 
1.5290231293 
1.5220886768 
1.5152477250 
1.5084981912 
1.5018380575 
1.4952653674 
1.4887782242 
1.4823747879 
1.4760532739 
1.4698119499 
1.4636491350 
1.4575631967 
1.4515525500 
1.4456156551 
1.4397510160 
1.4339571788 
1.4282327303 
1.4225762964 
1.4169865408 
1.4114621637 
1.4060019005 
1.4006045206 
1.3952688261 
1.3899936510 
1.3847778598 
1.3796203466 
1.3745200342 
1.3694758729 
1.3644868400 
1.3595519386 
1.3546701967 
1.3498406668 
1.3450624248 
1.3403345692 
1.3356562208 
1.3310265214 
1.3264446337 
1.3219097404 
1.3174210437 
1.3129777644 
1.3085791418 
1.3042244329 
1.2999129118 
1.2956438693 
1.2914166124 
1.2872304639 
1.2830847619 
1.2789788590 
1.2749121227 
1.2708839341 
1.2668936882 
1.2629407928 
1.2590246691 
1.2551447503 
1.2513004820 
1.2474913216 
1.2437167379 
1.2399762110 
1.2362692319 
1.2325953019 
1.2289539330 
1.2253446469 
1.2217669754 
1.2182204596 
1.2147046498 
1.2112191056 
1.2077633952 
1.2043370953 
1.2009397912 
1.1975710763 
1.1942305517 
1.1909178264 
1.1876325171 
1.1843742476 
1.1811426490 
1.1779373595 
1.1747580240 
1.1716042941 
1.1684758280 
1.1653722901 
1.1622933511 
1.1592386878 
1.1562079829 
1.1532009248 
1.1502172075 
1.1472565307 
1.1443185994 
1.1414031238 
1.1385098193 
1.1356384063 
1.1327886101 
1.1299601609 
1.1271527934 
1.1243662471 
1.1216002659 
1.1188545981 
1.1161289962 
1.1134232170 
1.1107370214 
1.1080701742 
1.1054224444 
1.1027936046 
1.1001834313 
1.0975917045 
1.0950182080 
1.0924627292 
1.0899250587 
1.0874049906 
1.0849023225 
1.0824168549 
1.0799483918 
1.0774967401 
1.0750617099 
1.0726431141 
1.0702407689 
1.0678544929 
1.0654841079 
1.0631294383 
1.0607903111 
1.0584665562 
1.0561580058 
1.0538644950 
1.0515858610 
1.0493219439 
1.0470725857 
1.0448376313 
1.0426169274 
1.0404103233 
1.0382176704 
1.0360388224 
1.0338736349 
1.0317219658 
1.0295836750 
1.0274586245 
1.0253466782 
1.0232477019 
1.0211615635 
1.0190881326 
1.0170272807 
1.0149788811 
1.0129428090 
1.0109189412 
1.0089071562 
1.0069073344 
1.0049193575 
1.0029431092 
1.0009784745 
0.9990253402 
0.9970835945 
0.9951531271 
0.9932338293 
0.9913255938 
0.9894283147 
0.9875418876 
0.9856662094 
0.9838011785 
0.9819466944 
0.9801026582 
0.9782689721 
0.9764455396 
0.9746322655 
0.9728290560 
0.9710358181 
0.9692524604 
0.9674788924 
0.9657150250 
0.9639607699 
0.9622160402 
0.9604807501 
0.9587548146 
0.9570381501 
0.9553306739 
0.9536323042 
0.9519429604 
0.9502625629 
0.9485910330 
0.9469282929 
0.9452742659 
0.9436288762 
0.9419920487 
0.9403637096 
0.9387437858 
0.9371322049 
0.9355288956 
0.9339337875 
0.9323468107 
0.9307678966 
0.9291969769 
0.9276339846 
0.9260788531 
0.9245315167 
0.9229919107 
0.9214599707 
0.9199356335 
0.9184188363 
0.9169095171 
0.9154076148 
0.9139130688 
0.9124258192 
0.9109458068 
0.9094729732 
0.9080072605 
0.9065486114 
0.9050969695 
0.9036522789 
0.9022144841 
0.9007835306 
0.8993593643 
0.8979419316 
0.8965311797 
0.8951270562 
0.8937295095 
0.8923384882 
0.8909539419 
0.8895758204 
0.8882040742 
0.8868386543 
0.8854795122 
0.8841266000 
0.8827798702 
0.8814392758 
0.8801047704 
0.8787763081 
0.8774538434 
0.8761373313 
0.8748267272 
0.8735219872 
0.8722230676 
0.8709299253 
0.8696425175 
0.8683608020 
0.8670847371 
0.8658142812 
0.8645493934 
0.8632900333 
0.8620361605 
0.8607877354 
0.8595447187 
0.8583070714 
0.8570747549 
0.8558477312 
0.8546259624 
0.8534094112 
0.8521980404 
0.8509918135 
0.8497906941 
0.8485946463 
0.8474036345 
0.8462176235 
0.8450365783 
0.8438604644 
0.8426892477 
0.8415228941 
0.8403613702 
0.8392046426 
0.8380526785 
0.8369054453 
0.8357629107 
0.8346250427 
0.8334918095 
0.8323631799 
0.8312391228 
0.8301196073 
0.8290046029 
0.8278940795 
0.8267880071 
0.8256863561 
0.8245890970 
0.8234962008 
0.8224076387 
0.8213233820 
0.8202434024 
0.8191676720 
0.8180961628 
0.8170288475 
0.8159656987 
0.8149066893 
0.8138517926 
0.8128009820 
0.8117542312 
0.8107115141 
0.8096728049 
0.8086380780 
0.8076073080 
0.8065804698 
0.8055575383 
0.8045384890 
0.8035232972 
0.8025119388 
0.8015043897 
0.8005006260 
0.7995006240 
0.7985043604 
0.7975118119 
0.7965229554 
0.7955377682 
0.7945562276 
0.7935783111 
0.7926039965 
0.7916332618 
0.7906660851 
0.7897024447 
0.7887423191 
0.7877856869 
0.7868325272 
0.7858828188 
0.7849365410 
0.7839936733 
0.7830541952 
0.7821180863 
0.7811853267 
0.7802558964 
0.7793297757 
0.7784069449 
0.7774873847 
0.7765710757 
0.7756579988 
0.7747481351 
0.7738414658 
0.7729379722 
0.7720376358 
0.7711404384 
0.7702463616 
0.7693553875 
0.7684674981 
0.7675826757 
0.7667009026 
0.7658221615 
0.7649464349 
0.7640737056 
0.7632039567 
0.7623371711 
0.7614733321 
0.7606124231 
0.7597544274 
0.7588993288 
0.7580471108 
0.7571977575 
0.7563512528 
0.7555075808 
0.7546667257 
0.7538286720 
0.7529934040 
0.7521609064 
0.7513311638 
0.7505041612 
0.7496798836 
0.7488583158 
0.7480394432 
0.7472232511 
0.7464097248 
0.7455988498 
0.7447906119 
0.7439849967 
0.7431819900 
0.7423815779 
0.7415837464 
0.7407884816 
0.7399957699 
0.7392055976 
0.7384179511 
0.7376328170 
0.7368501821 
0.7360700330 
0.7352923567 
0.7345171400 
0.7337443702 
0.7329740342 
0.7322061195 
0.7314406132 
0.7306775030 
0.7299167761 
0.7291584204 
0.7284024235 
0.7276487733 
0.7268974574 
0.7261484641 
0.7254017813 
0.7246573971 
0.7239152999 
0.7231754778 
0.7224379194 
0.7217026131 
0.7209695474 
0.7202387110 
0.7195100926 
0.7187836811 
0.7180594652 
0.7173374340 
0.7166175766 
0.7158998819 
0.7151843392 
0.7144709379 
0.7137596671 
0.7130505164 
0.7123434752 
0.7116385331 
0.7109356797 
0.7102349048 
0.7095361980 
0.7088395493 
0.7081449486 
0.7074523858 
0.7067618510 
0.7060733343 
0.7053868260 
0.7047023162 
0.7040197953 
0.7033392537 
0.7026606818 
0.7019840702 
0.7013094094 
0.7006366901 
0.6999659029 
0.6992970387 
0.6986300883 
0.6979650426 
0.6973018924 
0.6966406289 
0.6959812431 
0.6953237262 
0.6946680692 
0.6940142635 
0.6933623004 
0.6927121713 
0.6920638675 
0.6914173805 
0.6907727018 
0.6901298232 
0.6894887360 
0.6888494322 
0.6882119034 
0.6875761414 
0.6869421381 
0.6863098854 
0.6856793752 
0.6850505996 
0.6844235506 
0.6837982204 
0.6831746010 
0.6825526847 
0.6819324638 
0.6813139306 
0.6806970774 
0.6800818966 
0.6794683808 
0.6788565224 
0.6782463139 
0.6776377480 
0.6770308172 
0.6764255144 
0.6758218322 
0.6752197634 
0.6746193008 
0.6740204373 
0.6734231659 
0.6728274794 
0.6722333709 
0.6716408334 
0.6710498601 
0.6704604440 
0.6698725783 
0.6692862562 
0.6687014710 
0.6681182160 
0.6675364845 
0.6669562700 
0.6663775657 
0.6658003652 
0.6652246621 
0.6646504497 
0.6640777217 
0.6635064717 
0.6629366934 
0.6623683805 
0.6618015266 
0.6612361256 
0.6606721712 
0.6601096574 
0.6595485779 
0.6589889267 
0.6584306977 
0.6578738850 
0.6573184825 
0.6567644844 
0.6562118846 
0.6556606773 
0.6551108568 
0.6545624171 
0.6540153525 
0.6534696573 
0.6529253258 
0.6523823523 
0.6518407311 
0.6513004567 
0.6507615235 
0.6502239259 
0.6496876585 
0.6491527157 
0.6486190922 
0.6480867824 
0.6475557811 
0.6470260829 
0.6464976824 
0.6459705743 
0.6454447535 
0.6449202146 
0.6443969525 
0.6438749620 
0.6433542380 
0.6428347753 
0.6423165689 
0.6417996136 
0.6412839046 
0.6407694367 
0.6402562050 
0.6397442046 
0.6392334305 
0.6387238779 
0.6382155419 
0.6377084177 
0.6372025004 
0.6366977853 
0.6361942677 
0.6356919427 
0.6351908058 
0.6346908521 
0.6341920772 
0.6336944762 
0.6331980448 
0.6327027782 
0.6322086719 
0.6317157215 
0.6312239223 
0.6307332700 
0.6302437600 
0.6297553881 
0.6292681496 
0.6287820404 
0.6282970559 
0.6278131920 
0.6273304442 
0.6268488084 
0.6263682801 
0.6258888553 
0.6254105296 
0.6249332989 
0.6244571591 
0.6239821059 
0.6235081352 
0.6230352430 
0.6225634251 
0.6220926775 
0.6216229962 
0.6211543770 
0.6206868162 
0.6202203095 
0.6197548532 
0.6192904432 
0.6188270757 
0.6183647467 
0.6179034524 
0.6174431889 
0.6169839525 
0.6165257392 
0.6160685452 
0.6156123669 
0.6151572005 
0.6147030422 
0.6142498882 
0.6137977350 
0.6133465789 
0.6128964160 
0.6124472430 
0.6119990560 
0.6115518515 
0.6111056260 
0.6106603758 
0.6102160975 
0.6097727874 
0.6093304420 
0.6088890580 
0.6084486317 
0.6080091598 
0.6075706388 
0.6071330653 
0.6066964358 
0.6062607470 
0.6058259954 
0.6053921779 
0.6049592909 
0.6045273312 
0.6040962956 
0.6036661805 
0.6032369830 
0.6028086995 
0.6023813270 
0.6019548622 
0.6015293019 
0.6011046428 
0.6006808819 
0.6002580159 
0.5998360418 
0.5994149563 
0.5989947564 
0.5985754389 
0.5981570009 
0.5977394391 
0.5973227506 
0.5969069323 
0.5964919812 
0.5960778943 
0.5956646686 
0.5952523011 
0.5948407888 
0.5944301288 
0.5940203182 
0.5936113539 
0.5932032332 
0.5927959531 
0.5923895108 
0.5919839033 
0.5915791279 
0.5911751816 
0.5907720616 
0.5903697652 
0.5899682896 
0.5895676319 
0.5891677893 
0.5887687592 
0.5883705387 
0.5879731252 
0.5875765158 
0.5871807080 
0.5867856990 
0.5863914861 
0.5859980667 
0.5856054380 
0.5852135975 
0.5848225425 
0.5844322704 
0.5840427786 
0.5836540645 
0.5832661254 
0.5828789590 
0.5824925624 
0.5821069333 
0.5817220691 
0.5813379673 
0.5809546253 
0.5805720406 
0.5801902108 
0.5798091333 
0.5794288058 
0.5790492257 
0.5786703907 
0.5782922982 
0.5779149458 
0.5775383312 
0.5771624519 
0.5767873056 
0.5764128898 
0.5760392022 
0.5756662405 
0.5752940023 
0.5749224852 
0.5745516870 
0.5741816053 
0.5738122378 
0.5734435822 
0.5730756362 
0.5727083976 
0.5723418642 
0.5719760335 
0.5716109035 
0.5712464718 
0.5708827363 
0.5705196947 
0.5701573448 
0.5697956845 
0.5694347115 
0.5690744237 
0.5687148189 
0.5683558949 
0.5679976497 
0.5676400810 
0.5672831868 
0.5669269649 
0.5665714133 
0.5662165297 
0.5658623122 
0.5655087587 
0.5651558670 
0.5648036351 
0.5644520610 
0.5641011426 
0.5637508779 
0.5634012649 
0.5630523014 
0.5627039857 
0.5623563155 
0.5620092890 
0.5616629041 
0.5613171589 
0.5609720514 
0.5606275797 
0.5602837418 
0.5599405357 
0.5595979596 
0.5592560115 
0.5589146894 
0.5585739916 
0.5582339160 
0.5578944608 
0.5575556241 
0.5572174040 
0.5568797987 
0.5565428063 
0.5562064249 
0.5558706528 
0.5555354880 
0.5552009287 
0.5548669732 
0.5545336196 
0.5542008660 
0.5538687108 
0.5535371521 
0.5532061881 
0.5528758170 
0.5525460371 
0.5522168467 
0.5518882439 
0.5515602270 
0.5512327943 
0.5509059441 
0.5505796745 
0.5502539840 
0.5499288708 
0.5496043332 
0.5492803694 
0.5489569779 
0.5486341569 
0.5483119047 
0.5479902198 
0.5476691003 
0.5473485447 
0.5470285513 
0.5467091185 
0.5463902446 
0.5460719281 
0.5457541672 
0.5454369604 
0.5451203060 
0.5448042026 
0.5444886484 
0.5441736418 
0.5438591814 
0.5435452655 
0.5432318925 
0.5429190610 
0.5426067692 
0.5422950157 
0.5419837990 
0.5416731175 
0.5413629696 
0.5410533539 
0.5407442688 
0.5404357128 
0.5401276844 
0.5398201821 
0.5395132043 
0.5392067497 
0.5389008167 
0.5385954039 
0.5382905098 
0.5379861328 
0.5376822716 
0.5373789247 
0.5370760906 
0.5367737680 
0.5364719552 
0.5361706511 
0.5358698540 
0.5355695626 
0.5352697755 
0.5349704912 
0.5346717084 
0.5343734257 
0.5340756416 
0.5337783548 
0.5334815638 
0.5331852674 
0.5328894642 
0.5325941527 
0.5322993316 
0.5320049996 
0.5317111553 
0.5314177973 
0.5311249244 
0.5308325352 
0.5305406283 
0.5302492024 
0.5299582563 
0.5296677886 
0.5293777979 
0.5290882831 
0.5287992427 
0.5285106755 
0.5282225802 
0.5279349556 
0.5276478003 
0.5273611130 
0.5270748925 
0.5267891376 
0.5265038469 
0.5262190192 
0.5259346533 
0.5256507479 
0.5253673017 
0.5250843136 
0.5248017823 
0.5245197066 
0.5242380852 
0.5239569170 
0.5236762006 
0.5233959350 
0.5231161189 
0.5228367511 
0.5225578304 
0.5222793556 
0.5220013255 
0.5217237390 
0.5214465949 
0.5211698919 
0.5208936290 
0.5206178049 
0.5203424186 
0.5200674688 
0.5197929543 
0.5195188742 
0.5192452271 
0.5189720120 
0.5186992277 
0.5184268731 
0.5181549470 
0.5178834484 
0.5176123762 
0.5173417291 
0.5170715062 
0.5168017062 
0.5165323282 
0.5162633709 
0.5159948333 
0.5157267144 
0.5154590129 
0.5151917279 
0.5149248583 
0.5146584030 
0.5143923608 
0.5141267308 
0.5138615119 
0.5135967031 
0.5133323032 
0.5130683112 
0.5128047261 
0.5125415468 
0.5122787723 
0.5120164016 
0.5117544335 
0.5114928672 
0.5112317015 
0.5109709355 
0.5107105681 
0.5104505983 
0.5101910251 
0.5099318475 
0.5096730645 
0.5094146750 
0.5091566782 
0.5088990729 
0.5086418583 
0.5083850333 
0.5081285969 
0.5078725482 
0.5076168861 
0.5073616098 
0.5071067182 
0.5068522104 
0.5065980854 
0.5063443423 
0.5060909800 
0.5058379977 
0.5055853944 
0.5053331692 
0.5050813211 
0.5048298491 
0.5045787524 
0.5043280300 
0.5040776810 
0.5038277044 
0.5035780993 
0.5033288649 
0.5030800001 
0.5028315042 
0.5025833761 
0.5023356149 
0.5020882199 
0.5018411899 
0.5015945243 
0.5013482220 
0.5011022822 
0.5008567039 
0.5006114864 
0.5003666287 
0.5001297633 
